-1.056761860358317051e+01 1.363486378925093057e+00 -1.487299999999999933e+01
-1.158028341461880650e+01 3.901541419189585191e+00 -1.487299999999999933e+01
-1.521995797491003977e+01 4.617377023894353449e+00 -1.487299999999999933e+01
-7.676841605570189131e+00 3.259250132540602252e+00 -1.487299999999999933e+01
-7.465961193623787295e+00 5.195075212606291570e-01 -1.487299999999999933e+01
-1.245970465459204135e+01 2.186300950801018494e+00 -9.446999999999999176e+00
-7.715838836003044321e+00 2.365393215839429519e+00 -9.446999999999999176e+00
-7.443227107970960432e+00 6.305942569120393415e+00 -9.446999999999999176e+00
-1.665202207718252225e+01 1.935675981489022313e+00 -9.446999999999999176e+00
-1.364423976958449281e+01 5.657702841898817780e+00 5.377000000000000668e+00
-1.321796825750525706e+01 6.613572025486025296e-02 5.377000000000000668e+00
-1.066177257774552878e+01 7.922489923024643055e+00 5.377000000000000668e+00
-1.128267180064374386e+01 2.490314560826096368e+00 5.377000000000000668e+00
