-1.220951477396227247e+01 -1.926313264667002034e+00 0.000000000000000000e+00
-1.006499805895554012e+01 1.318812511683369326e+00 0.000000000000000000e+00
-6.371679763275354347e+00 9.921592820450508832e-01 0.000000000000000000e+00
-1.272168399878523459e+01 2.718628145150315145e+00 0.000000000000000000e+00
-6.465856767849068376e+00 2.685287104494819221e+00 0.000000000000000000e+00
-1.007748651356721581e+01 3.253999357275823900e+00 0.000000000000000000e+00
-7.554045542421135906e+00 -8.645416204889517786e-01 0.000000000000000000e+00
-1.531928809318691975e+01 9.782731000687339140e-01 0.000000000000000000e+00
-8.198657053278649798e+00 3.477090270721495902e+00 0.000000000000000000e+00
-1.512626908560740802e+01 1.257055408210883574e+00 0.000000000000000000e+00
-1.264440245640473393e+01 3.275144251536819429e+00 0.000000000000000000e+00
-1.236329327051238280e+01 -1.447831115318077178e+00 0.000000000000000000e+00
-1.058321739938969763e+01 2.946989814288443643e+00 0.000000000000000000e+00
-1.278220881111302987e+01 4.550049331735429803e+00 0.000000000000000000e+00
-7.227429867374775441e+00 1.830265512898275215e+00 0.000000000000000000e+00
-8.714917192753954822e+00 6.303951837811297310e+00 0.000000000000000000e+00
