-1.477468983953449211e+01 5.182324782874215607e+00 0.000000000000000000e+00
-1.188469057840356768e+01 1.796260462908273681e+00 0.000000000000000000e+00
-8.094175154064362943e+00 3.105399121396915429e+00 0.000000000000000000e+00
-8.425637853990494364e+00 5.952977111228041629e-02 0.000000000000000000e+00
-1.206324836276865931e+01 4.161340743795671315e+00 0.000000000000000000e+00
-1.118440490279349930e+01 2.164945378333126946e+00 0.000000000000000000e+00
-7.356338418523527878e+00 7.599995420817984737e+00 0.000000000000000000e+00
-1.422691758984658250e+01 2.981501241930955004e-01 0.000000000000000000e+00
-8.246316986498630541e+00 2.945315282824731540e+00 0.000000000000000000e+00
-8.687585068906967578e+00 1.016351885200839966e+00 0.000000000000000000e+00
-1.001953255914740737e+01 5.520969156832007840e+00 0.000000000000000000e+00
-1.142576695335744574e+01 2.933220086554713557e+00 0.000000000000000000e+00
-1.353974391238674713e+01 5.190481801812116380e+00 0.000000000000000000e+00
