-4.954043828859359877e+01 -5.368586913070582334e+00 -1.798812678620474514e+01
-5.448257388195219875e+01 -2.193253472876627974e+00 -1.770517128333018420e+01
-5.374524270335705012e+01 -1.024651243093920350e+01 -1.719565040164633629e+01
-4.496542495550156815e+01 -2.862492452252106023e+00 -1.864646094141030730e+01
-3.422338062136863357e+01 -4.421967066515799377e-02 -1.042895740677690952e+01
-4.005354695289310740e+01 5.068613016411684491e+00 -9.411782069890275437e+00
-4.006169732143295192e+01 7.070492855070673044e-02 -7.828635583277120169e+00
-4.494249892808382185e+01 3.166911368545560101e+00 -6.602897604615173499e+00
-3.420335073890448285e+01 4.532956406318727538e+00 -1.150629404016124369e+01
-3.540775206750137727e+01 -1.630552511601113919e+00 -9.014549501121049246e+00
-4.229320850891866002e+01 4.352504069722713531e+00 -7.795807650603734373e+00
-4.749145474908661413e+01 5.418520157898414347e+00 -5.785116935440894892e+00
-5.553612301558592179e+01 2.818551039898882138e+01 9.024357791058236211e-01
-6.121619596936121610e+01 2.126170462209523748e+01 1.997300184940458134e+00
-3.828595131326037659e+01 2.316521588824492994e+01 -5.265424788014575475e-01
-5.226470230820384444e+01 3.652184997638485253e+00 2.347984981446106456e+00
