7.105233093073533901e+00 1.824358740015518521e+01 1.594200000000000017e+01
8.903108473126327027e+00 2.618582005194952700e+01 1.594200000000000017e+01
1.699676696478165283e+01 2.651669985778570293e+01 1.594200000000000017e+01
1.982415534539658708e+01 1.998857038088756610e+01 1.594200000000000017e+01
2.207370985397589180e+01 1.306542791739332188e+00 1.594200000000000017e+01
1.786378192755095995e+01 1.145578507120884026e+01 1.594200000000000017e+01
2.878119349213746503e+01 1.270094508481250628e+01 1.594200000000000017e+01
3.126777567926090740e+00 2.756623188002652114e+01 3.019200000000000017e+01
2.099750012782033437e+01 2.906722199132080675e+01 3.019200000000000017e+01
1.832908627754324726e+01 1.161440816487652938e+01 3.019200000000000017e+01
2.390951986871395007e+01 6.294410087627344552e+00 3.019200000000000017e+01
2.015322543198085015e+01 8.684591972955502115e-02 3.019200000000000017e+01
2.299714957116657743e+01 1.770363818384880972e+01 3.019200000000000017e+01
2.837617242277599772e+01 2.181896151548666296e+01 3.019200000000000017e+01
1.929909310550366186e+01 1.451841672509127079e+01 3.069200000000000017e+01
1.702672924516168962e+01 2.187621047879159164e+01 3.069200000000000017e+01
2.523313117616445211e+01 7.730159614996065187e+00 3.069200000000000017e+01
2.032918419431188539e+01 -1.181232604276473808e+00 3.069200000000000017e+01
2.162926238308947546e+01 2.688253609441338199e+01 3.069200000000000017e+01
2.875323448640383717e+01 2.055628128477004424e+01 3.069200000000000017e+01
4.054435750567438212e+00 2.690046325008576389e+01 3.069200000000000017e+01
1.760468262654885407e+01 5.209785341833963912e+00 3.119200000000000017e+01
2.590598506851907601e+01 3.229249645099905308e+00 3.119200000000000017e+01
1.300841506617872056e+01 -1.159552422104646041e-01 3.119200000000000017e+01
2.334466057543883366e+01 1.342305184528315820e+01 3.119200000000000017e+01
1.697935871439107203e+01 2.119835412471041991e+01 3.119200000000000017e+01
-4.025033439391672019e-01 1.849770421264594944e+01 3.119200000000000017e+01
2.365108865366767432e+01 2.027799704710405138e+01 3.119200000000000017e+01
3.892712023796890186e+00 2.784350984314643540e+01 3.119200000000000017e+01
1.667068183222737332e+01 2.751733900607463568e+01 3.119200000000000017e+01
5.026047435099858518e+00 3.033605163093827883e+00 3.144200000000000017e+01
1.426030583446028643e+01 -1.261328129102778917e+00 3.144200000000000017e+01
1.975483165439030486e+01 3.136721153270094931e+00 3.144200000000000017e+01
2.665673487526758123e+01 8.732891023451756496e-01 3.144200000000000017e+01
2.071787571941058914e+01 1.147136751737336979e+01 3.144200000000000017e+01
2.783527644214908747e+01 2.381661957841849642e+01 3.144200000000000017e+01
2.768752278705100167e+01 1.167475528549913832e+01 3.144200000000000017e+01
6.947605360211896119e+00 2.527114980663472465e+01 3.144200000000000017e+01
1.768389679031718842e+01 2.607193072162029068e+01 3.144200000000000017e+01
